55429
55429
55429
55429
55429
55429
55429
55429
55429
55429
55429
55429
55429
55429
55429
55429
55429
55429
55429
55429
55429
55429
55429
55429
55429
55429
55429
55429
55429
55429
55429
55429
55429
55429
55429
55429
55429
55429
55429
55429
55429
55429
55429
55429
55429
55429
55429
55429
55429
55429
55429
55429
55429
55429
55429
55429
55429
55429
55429
55429
55429
55429
55429
55429
55429
55429
55429
55429
55429
55429
55429
55429
55429
55429
55429
55429
55429
55429
55429
55429
55429
55429
55429
55429
55429
55429
55429
55429
55429
55429
